0 0.510938 0.392188 0.510938 0.395313 0.514062 0.398438 0.514062 0.400000 0.529687 0.400000 0.531250 0.398438 0.532813 0.398438 0.535937 0.395313 0.537500 0.395313 0.539062 0.393750 0.540625 0.393750 0.540625 0.385937 0.542188 0.384375 0.551562 0.384375 0.553125 0.382812 0.556250 0.382812 0.557813 0.381250 0.560937 0.381250 0.562500 0.382812 0.567187 0.382812 0.568750 0.381250 0.584375 0.381250 0.585938 0.379688 0.631250 0.379688 0.632812 0.381250 0.639062 0.381250 0.640625 0.382812 0.646875 0.382812 0.648438 0.384375 0.653125 0.384375 0.654687 0.385937 0.662500 0.385937 0.664062 0.387500 0.667188 0.387500 0.668750 0.389062 0.670312 0.389062 0.671875 0.390625 0.673438 0.390625 0.675000 0.392188 0.676562 0.392188 0.678125 0.393750 0.679688 0.393750 0.681250 0.395313 0.684375 0.395313 0.685937 0.396875 0.687500 0.396875 0.689063 0.398438 0.696875 0.398438 0.698438 0.400000 0.701562 0.400000 0.704688 0.396875 0.704688 0.395313 0.706250 0.393750 0.706250 0.390625 0.704688 0.389062 0.706250 0.387500 0.706250 0.382812 0.707812 0.381250 0.707812 0.375000 0.706250 0.373437 0.706250 0.362500 0.704688 0.360938 0.703125 0.360938 0.698438 0.356250 0.696875 0.356250 0.692187 0.351562 0.689063 0.351562 0.687500 0.350000 0.685937 0.350000 0.684375 0.348438 0.681250 0.348438 0.679688 0.346875 0.675000 0.346875 0.673438 0.345313 0.667188 0.345313 0.665625 0.343750 0.654687 0.343750 0.653125 0.342187 0.648438 0.342187 0.646875 0.343750 0.631250 0.343750 0.629687 0.345313 0.626563 0.345313 0.625000 0.346875 0.620313 0.346875 0.618750 0.348438 0.615625 0.348438 0.614062 0.350000 0.610938 0.350000 0.609375 0.351562 0.607812 0.351562 0.606250 0.353125 0.601562 0.353125 0.600000 0.354687 0.598437 0.354687 0.596875 0.356250 0.592187 0.356250 0.590625 0.357812 0.587500 0.357812 0.582812 0.362500 0.573438 0.362500 0.571875 0.364063 0.570312 0.364063 0.570312 0.365625 0.568750 0.367188 0.567187 0.367188 0.565625 0.368750 0.564063 0.368750 0.562500 0.370312 0.562500 0.371875 0.560937 0.373437 0.556250 0.373437 0.554688 0.375000 0.551562 0.375000 0.550000 0.373437 0.546875 0.373437 0.545312 0.375000 0.543750 0.375000 0.542188 0.373437 0.537500 0.373437 0.535937 0.371875 0.537500 0.370312 0.537500 0.368750 0.535937 0.368750 0.534375 0.370312 0.532813 0.368750 0.532813 0.367188 0.534375 0.365625 0.534375 0.364063 0.532813 0.362500 0.534375 0.360938 0.537500 0.360938 0.540625 0.357812 0.540625 0.354687 0.542188 0.353125 0.545312 0.353125 0.545312 0.348438 0.543750 0.346875 0.543750 0.345313 0.542188 0.343750 0.542188 0.342187 0.540625 0.342187 0.537500 0.345313 0.535937 0.345313 0.532813 0.348438 0.532813 0.350000 0.531250 0.351562 0.531250 0.354687 0.529687 0.356250 0.529687 0.357812 0.525000 0.362500 0.525000 0.368750 0.523438 0.370312 0.521875 0.370312 0.520312 0.371875 0.520312 0.373437 0.518750 0.375000 0.517188 0.375000 0.517188 0.378125 0.515625 0.379688 0.515625 0.387500
0 0.050000 0.292187 0.045312 0.292187 0.043750 0.293750 0.040625 0.293750 0.035937 0.298438 0.034375 0.298438 0.031250 0.301563 0.031250 0.303125 0.028125 0.306250 0.028125 0.307812 0.026562 0.309375 0.025000 0.309375 0.025000 0.310937 0.023438 0.312500 0.023438 0.314063 0.021875 0.315625 0.021875 0.317188 0.017188 0.321875 0.015625 0.321875 0.014063 0.323437 0.010937 0.323437 0.009375 0.325000 0.003125 0.325000 0.001563 0.326562 0.000000 0.326562 0.000000 0.364063 0.001563 0.364063 0.004687 0.367188 0.006250 0.367188 0.010937 0.371875 0.012500 0.371875 0.018750 0.378125 0.020313 0.378125 0.029687 0.387500 0.031250 0.387500 0.035937 0.392188 0.035937 0.393750 0.037500 0.393750 0.040625 0.396875 0.043750 0.396875 0.046875 0.393750 0.046875 0.390625 0.048438 0.389062 0.048438 0.387500 0.050000 0.385937 0.050000 0.382812 0.051562 0.381250 0.051562 0.378125 0.053125 0.376563 0.053125 0.373437 0.054688 0.371875 0.054688 0.367188 0.056250 0.365625 0.056250 0.360938 0.057813 0.359375 0.057813 0.354687 0.059375 0.353125 0.059375 0.348438 0.060937 0.346875 0.060937 0.335938 0.062500 0.334375 0.062500 0.310937 0.060937 0.309375 0.060937 0.303125 0.059375 0.301563 0.059375 0.300000 0.056250 0.296875 0.056250 0.295312 0.054688 0.295312 0.053125 0.293750 0.051562 0.293750
0 0.000000 0.367188 0.000000 0.417187 0.006250 0.417187 0.007812 0.418750 0.021875 0.418750 0.023438 0.420312 0.028125 0.420312 0.031250 0.423438 0.032813 0.423438 0.034375 0.425000 0.037500 0.425000 0.039062 0.426563 0.045312 0.426563 0.045312 0.425000 0.046875 0.423438 0.046875 0.421875 0.045312 0.420312 0.045312 0.409375 0.043750 0.407813 0.043750 0.406250 0.040625 0.403125 0.040625 0.401562 0.039062 0.400000 0.039062 0.398438 0.031250 0.390625 0.031250 0.389062 0.026562 0.384375 0.025000 0.384375 0.021875 0.381250 0.021875 0.379688 0.020313 0.379688 0.017188 0.376563 0.015625 0.376563 0.012500 0.373437 0.010937 0.373437 0.004687 0.367188
0 0.000000 0.418750 0.000000 0.498437 0.001563 0.500000 0.007812 0.500000 0.009375 0.501563 0.014063 0.501563 0.015625 0.503125 0.017188 0.503125 0.018750 0.504687 0.021875 0.504687 0.025000 0.507812 0.029687 0.507812 0.029687 0.506250 0.031250 0.504687 0.031250 0.503125 0.032813 0.501563 0.032813 0.500000 0.034375 0.498437 0.034375 0.471875 0.035937 0.470313 0.035937 0.467187 0.037500 0.465625 0.037500 0.459375 0.039062 0.457813 0.039062 0.453125 0.040625 0.451562 0.040625 0.445312 0.042188 0.443750 0.042188 0.442188 0.040625 0.440625 0.040625 0.439063 0.042188 0.437500 0.042188 0.435937 0.040625 0.434375 0.040625 0.432812 0.034375 0.426563 0.032813 0.426563 0.029687 0.423438 0.026562 0.423438 0.025000 0.421875 0.018750 0.421875 0.017188 0.420312 0.007812 0.420312 0.006250 0.418750
0 0.000000 0.501563 0.000000 0.546875 0.012500 0.546875 0.015625 0.543750 0.017188 0.543750 0.021875 0.539062 0.021875 0.537500 0.025000 0.534375 0.025000 0.529687 0.026562 0.528125 0.026562 0.523438 0.028125 0.521875 0.028125 0.514062 0.023438 0.509375 0.023438 0.507812 0.021875 0.506250 0.020313 0.506250 0.018750 0.504687 0.015625 0.504687 0.014063 0.503125 0.010937 0.503125 0.009375 0.501563
0 0.721875 0.303125 0.720313 0.301563 0.720313 0.300000 0.717187 0.296875 0.717187 0.295312 0.715625 0.293750 0.714063 0.293750 0.707812 0.287500 0.706250 0.287500 0.704688 0.285938 0.703125 0.285938 0.701562 0.284375 0.696875 0.284375 0.695312 0.282813 0.689063 0.282813 0.687500 0.281250 0.662500 0.281250 0.660937 0.282813 0.650000 0.282813 0.648438 0.284375 0.640625 0.284375 0.639062 0.285938 0.631250 0.285938 0.629687 0.287500 0.625000 0.287500 0.623437 0.289062 0.617188 0.289062 0.615625 0.290625 0.610938 0.290625 0.609375 0.292187 0.604688 0.292187 0.603125 0.293750 0.600000 0.293750 0.598437 0.295312 0.595313 0.295312 0.593750 0.296875 0.590625 0.296875 0.589063 0.298438 0.585938 0.298438 0.584375 0.300000 0.582812 0.300000 0.581250 0.301563 0.578125 0.301563 0.576562 0.303125 0.573438 0.303125 0.571875 0.304688 0.570312 0.304688 0.567187 0.307812 0.565625 0.307812 0.562500 0.310937 0.562500 0.312500 0.560937 0.314063 0.560937 0.315625 0.556250 0.320312 0.556250 0.323437 0.554688 0.325000 0.554688 0.328125 0.553125 0.329688 0.553125 0.331250 0.551562 0.332813 0.551562 0.334375 0.546875 0.339062 0.546875 0.342187 0.543750 0.345313 0.543750 0.346875 0.540625 0.350000 0.540625 0.351562 0.542188 0.353125 0.540625 0.354687 0.540625 0.357812 0.537500 0.360938 0.537500 0.362500 0.539062 0.364063 0.539062 0.368750 0.542188 0.371875 0.551562 0.371875 0.553125 0.370312 0.559375 0.370312 0.560937 0.368750 0.562500 0.368750 0.564063 0.367188 0.565625 0.367188 0.567187 0.365625 0.568750 0.365625 0.570312 0.364063 0.571875 0.364063 0.573438 0.362500 0.576562 0.362500 0.578125 0.360938 0.581250 0.360938 0.582812 0.359375 0.585938 0.359375 0.587500 0.357812 0.590625 0.357812 0.592187 0.356250 0.595313 0.356250 0.596875 0.354687 0.600000 0.354687 0.601562 0.353125 0.603125 0.353125 0.604688 0.351562 0.609375 0.351562 0.610938 0.350000 0.614062 0.350000 0.615625 0.348438 0.617188 0.348438 0.618750 0.346875 0.623437 0.346875 0.625000 0.345313 0.631250 0.345313 0.632812 0.343750 0.645312 0.343750 0.646875 0.342187 0.656250 0.342187 0.657813 0.343750 0.671875 0.343750 0.673438 0.345313 0.678125 0.345313 0.679688 0.346875 0.682813 0.346875 0.684375 0.348438 0.685937 0.348438 0.687500 0.350000 0.689063 0.350000 0.690625 0.351562 0.692187 0.351562 0.693750 0.353125 0.695312 0.353125 0.698438 0.356250 0.700000 0.356250 0.706250 0.362500 0.707812 0.362500 0.712500 0.367188 0.715625 0.367188 0.717187 0.368750 0.718750 0.368750 0.720313 0.370312 0.725000 0.370312 0.726562 0.371875 0.729688 0.371875 0.731250 0.370312 0.731250 0.356250 0.729688 0.354687 0.729688 0.350000 0.728125 0.348438 0.728125 0.335938 0.726562 0.334375 0.726562 0.323437 0.725000 0.321875 0.725000 0.314063 0.723437 0.312500 0.723437 0.309375 0.721875 0.307812
0 0.551562 0.248438 0.551562 0.256250 0.553125 0.257812 0.553125 0.279687 0.554688 0.281250 0.554688 0.287500 0.553125 0.289062 0.553125 0.307812 0.554688 0.309375 0.554688 0.314063 0.556250 0.315625 0.557813 0.315625 0.559375 0.314063 0.560937 0.314063 0.560937 0.312500 0.564063 0.309375 0.565625 0.309375 0.567187 0.307812 0.568750 0.307812 0.573438 0.303125 0.576562 0.303125 0.578125 0.301563 0.579688 0.301563 0.581250 0.300000 0.584375 0.300000 0.585938 0.298438 0.587500 0.298438 0.589063 0.296875 0.592187 0.296875 0.593750 0.295312 0.598437 0.295312 0.600000 0.293750 0.603125 0.293750 0.604688 0.292187 0.609375 0.292187 0.610938 0.290625 0.615625 0.290625 0.617188 0.289062 0.620313 0.289062 0.621875 0.287500 0.628125 0.287500 0.629687 0.285938 0.635938 0.285938 0.637500 0.284375 0.646875 0.284375 0.648438 0.282813 0.656250 0.282813 0.657813 0.281250 0.692187 0.281250 0.693750 0.282813 0.696875 0.282813 0.698438 0.284375 0.701562 0.284375 0.703125 0.285938 0.704688 0.285938 0.706250 0.287500 0.707812 0.287500 0.712500 0.292187 0.714063 0.292187 0.718750 0.296875 0.718750 0.298438 0.720313 0.300000 0.721875 0.300000 0.723437 0.301563 0.732812 0.301563 0.734375 0.303125 0.737500 0.303125 0.739062 0.301563 0.742188 0.301563 0.743750 0.300000 0.745313 0.300000 0.745313 0.292187 0.743750 0.290625 0.743750 0.289062 0.742188 0.287500 0.742188 0.285938 0.740625 0.284375 0.740625 0.282813 0.739062 0.281250 0.737500 0.281250 0.735938 0.279687 0.735938 0.278125 0.734375 0.276562 0.734375 0.273438 0.731250 0.270313 0.731250 0.268750 0.726562 0.264062 0.726562 0.260937 0.725000 0.259375 0.725000 0.257812 0.717187 0.250000 0.715625 0.250000 0.712500 0.246875 0.710938 0.246875 0.709375 0.245312 0.707812 0.245312 0.704688 0.242188 0.703125 0.242188 0.700000 0.239063 0.698438 0.239063 0.695312 0.235937 0.692187 0.235937 0.690625 0.234375 0.685937 0.234375 0.684375 0.232813 0.675000 0.232813 0.673438 0.231250 0.657813 0.231250 0.656250 0.229687 0.650000 0.229687 0.648438 0.228125 0.642188 0.228125 0.640625 0.226562 0.635938 0.226562 0.634375 0.225000 0.626563 0.225000 0.625000 0.223438 0.610938 0.223438 0.609375 0.225000 0.603125 0.225000 0.601562 0.226562 0.593750 0.226562 0.592187 0.228125 0.589063 0.228125 0.587500 0.229687 0.585938 0.229687 0.584375 0.231250 0.579688 0.231250 0.578125 0.232813 0.576562 0.232813 0.575000 0.234375 0.570312 0.234375 0.568750 0.235937 0.565625 0.235937 0.564063 0.237500 0.562500 0.237500 0.559375 0.240625 0.557813 0.240625 0.553125 0.245312 0.553125 0.246875
0 0.000000 0.176563 0.000000 0.237500 0.006250 0.237500 0.007812 0.239063 0.039062 0.239063 0.040625 0.240625 0.057813 0.240625 0.065625 0.232813 0.065625 0.231250 0.068750 0.228125 0.068750 0.226562 0.073438 0.221875 0.073438 0.220312 0.076563 0.217188 0.076563 0.212500 0.075000 0.210938 0.075000 0.209375 0.071875 0.206250 0.071875 0.204687 0.068750 0.201563 0.068750 0.200000 0.067187 0.200000 0.062500 0.195312 0.062500 0.193750 0.060937 0.193750 0.059375 0.192188 0.057813 0.192188 0.053125 0.187500 0.050000 0.187500 0.046875 0.184375 0.045312 0.184375 0.043750 0.182812 0.040625 0.182812 0.039062 0.181250 0.035937 0.181250 0.034375 0.179688 0.028125 0.179688 0.026562 0.178125 0.021875 0.178125 0.020313 0.176563
0 0.728125 0.170313 0.725000 0.167187 0.725000 0.165625 0.723437 0.165625 0.721875 0.164062 0.720313 0.164062 0.718750 0.165625 0.718750 0.167187 0.710938 0.175000 0.710938 0.176563 0.709375 0.178125 0.709375 0.179688 0.707812 0.181250 0.706250 0.181250 0.700000 0.187500 0.690625 0.187500 0.689063 0.189062 0.685937 0.189062 0.684375 0.187500 0.675000 0.187500 0.673438 0.185938 0.665625 0.185938 0.664062 0.184375 0.656250 0.184375 0.654687 0.182812 0.640625 0.182812 0.639062 0.181250 0.621875 0.181250 0.620313 0.182812 0.603125 0.182812 0.601562 0.184375 0.593750 0.184375 0.592187 0.185938 0.587500 0.185938 0.585938 0.187500 0.581250 0.187500 0.579688 0.189062 0.576562 0.189062 0.575000 0.190625 0.571875 0.190625 0.570312 0.192188 0.568750 0.192188 0.567187 0.193750 0.565625 0.193750 0.564063 0.195312 0.562500 0.195312 0.556250 0.201563 0.556250 0.203125 0.553125 0.206250 0.553125 0.207813 0.548438 0.212500 0.548438 0.215625 0.545312 0.218750 0.545312 0.220312 0.543750 0.221875 0.543750 0.223438 0.540625 0.226562 0.540625 0.228125 0.539062 0.229687 0.539062 0.232813 0.537500 0.234375 0.537500 0.239063 0.535937 0.240625 0.535937 0.246875 0.539062 0.250000 0.546875 0.250000 0.550000 0.246875 0.551562 0.246875 0.557813 0.240625 0.559375 0.240625 0.562500 0.237500 0.564063 0.237500 0.565625 0.235937 0.568750 0.235937 0.570312 0.234375 0.573438 0.234375 0.575000 0.232813 0.579688 0.232813 0.581250 0.231250 0.584375 0.231250 0.585938 0.229687 0.589063 0.229687 0.590625 0.228125 0.593750 0.228125 0.595313 0.226562 0.598437 0.226562 0.600000 0.225000 0.606250 0.225000 0.607812 0.223438 0.631250 0.223438 0.632812 0.225000 0.637500 0.225000 0.639062 0.226562 0.640625 0.226562 0.642188 0.228125 0.646875 0.228125 0.648438 0.229687 0.659375 0.229687 0.660937 0.231250 0.676562 0.231250 0.678125 0.232813 0.684375 0.232813 0.685937 0.234375 0.689063 0.234375 0.690625 0.235937 0.693750 0.235937 0.696875 0.239063 0.698438 0.239063 0.700000 0.240625 0.701562 0.240625 0.704688 0.243750 0.706250 0.243750 0.707812 0.245312 0.709375 0.245312 0.714063 0.250000 0.715625 0.250000 0.720313 0.254688 0.728125 0.254688 0.729688 0.253125 0.729688 0.251563 0.728125 0.250000 0.728125 0.243750 0.726562 0.242188 0.726562 0.234375 0.725000 0.232813 0.725000 0.207813 0.726562 0.206250 0.726562 0.200000 0.728125 0.198437 0.728125 0.192188 0.729688 0.190625 0.729688 0.176563 0.728125 0.175000
0 0.718750 0.148438 0.717187 0.146875 0.717187 0.145313 0.714063 0.142187 0.712500 0.142187 0.709375 0.145313 0.703125 0.145313 0.701562 0.146875 0.698438 0.146875 0.696875 0.145313 0.693750 0.145313 0.692187 0.143750 0.689063 0.143750 0.685937 0.140625 0.682813 0.140625 0.681250 0.139063 0.676562 0.139063 0.675000 0.137500 0.671875 0.137500 0.670312 0.135937 0.665625 0.135937 0.664062 0.134375 0.657813 0.134375 0.656250 0.132812 0.645312 0.132812 0.643750 0.131250 0.628125 0.131250 0.626563 0.132812 0.601562 0.132812 0.600000 0.134375 0.587500 0.134375 0.585938 0.135937 0.578125 0.135937 0.575000 0.139063 0.568750 0.139063 0.567187 0.140625 0.564063 0.140625 0.562500 0.142187 0.560937 0.142187 0.559375 0.143750 0.556250 0.143750 0.553125 0.146875 0.551562 0.146875 0.548438 0.150000 0.546875 0.150000 0.546875 0.151562 0.542188 0.156250 0.540625 0.156250 0.539062 0.157812 0.539062 0.160938 0.537500 0.162500 0.537500 0.168750 0.534375 0.171875 0.534375 0.175000 0.532813 0.176563 0.532813 0.185938 0.531250 0.187500 0.531250 0.210938 0.532813 0.212500 0.532813 0.217188 0.534375 0.218750 0.534375 0.220312 0.539062 0.225000 0.543750 0.225000 0.546875 0.221875 0.546875 0.217188 0.548438 0.215625 0.548438 0.214062 0.551562 0.210938 0.551562 0.209375 0.554688 0.206250 0.554688 0.204687 0.556250 0.203125 0.556250 0.201563 0.560937 0.196875 0.562500 0.196875 0.565625 0.193750 0.567187 0.193750 0.568750 0.192188 0.570312 0.192188 0.571875 0.190625 0.575000 0.190625 0.576562 0.189062 0.578125 0.189062 0.579688 0.187500 0.584375 0.187500 0.585938 0.185938 0.592187 0.185938 0.593750 0.184375 0.603125 0.184375 0.604688 0.182812 0.620313 0.182812 0.621875 0.181250 0.637500 0.181250 0.639062 0.182812 0.656250 0.182812 0.657813 0.184375 0.664062 0.184375 0.665625 0.185938 0.676562 0.185938 0.678125 0.187500 0.696875 0.187500 0.698438 0.185938 0.701562 0.185938 0.704688 0.182812 0.706250 0.182812 0.709375 0.179688 0.709375 0.178125 0.712500 0.175000 0.712500 0.173437 0.714063 0.171875 0.714063 0.170313 0.717187 0.167187 0.717187 0.165625 0.718750 0.164062
0 0.546875 0.000000 0.546875 0.020313 0.548438 0.021875 0.548438 0.029687 0.550000 0.031250 0.550000 0.035937 0.551562 0.037500 0.551562 0.040625 0.556250 0.045312 0.557813 0.045312 0.559375 0.043750 0.560937 0.043750 0.560937 0.039062 0.562500 0.037500 0.562500 0.035937 0.564063 0.034375 0.564063 0.032813 0.565625 0.031250 0.567187 0.031250 0.570312 0.028125 0.570312 0.026562 0.571875 0.025000 0.573438 0.025000 0.576562 0.021875 0.578125 0.021875 0.581250 0.018750 0.584375 0.018750 0.585938 0.017188 0.587500 0.017188 0.589063 0.015625 0.593750 0.015625 0.595313 0.014063 0.603125 0.014063 0.604688 0.012500 0.612500 0.012500 0.614062 0.010937 0.648438 0.010937 0.650000 0.009375 0.651563 0.009375 0.653125 0.010937 0.667188 0.010937 0.668750 0.012500 0.675000 0.012500 0.676562 0.014063 0.679688 0.014063 0.681250 0.015625 0.695312 0.015625 0.696875 0.017188 0.712500 0.017188 0.714063 0.018750 0.718750 0.018750 0.720313 0.017188 0.726562 0.017188 0.728125 0.015625 0.729688 0.015625 0.729688 0.004687 0.728125 0.003125 0.728125 0.000000
0 0.731250 0.029687 0.729688 0.028125 0.729688 0.026562 0.725000 0.021875 0.721875 0.021875 0.720313 0.020313 0.701562 0.020313 0.700000 0.018750 0.687500 0.018750 0.685937 0.017188 0.678125 0.017188 0.676562 0.015625 0.667188 0.015625 0.665625 0.014063 0.653125 0.014063 0.651563 0.012500 0.650000 0.012500 0.648438 0.014063 0.623437 0.014063 0.621875 0.015625 0.615625 0.015625 0.614062 0.017188 0.609375 0.017188 0.607812 0.015625 0.606250 0.015625 0.604688 0.017188 0.596875 0.017188 0.595313 0.018750 0.593750 0.018750 0.592187 0.020313 0.589063 0.020313 0.587500 0.021875 0.584375 0.021875 0.582812 0.023438 0.581250 0.023438 0.579688 0.025000 0.578125 0.025000 0.578125 0.026562 0.575000 0.029687 0.573438 0.029687 0.568750 0.034375 0.568750 0.035937 0.564063 0.040625 0.564063 0.043750 0.562500 0.045312 0.562500 0.048438 0.560937 0.050000 0.560937 0.054688 0.559375 0.056250 0.559375 0.060937 0.557813 0.062500 0.557813 0.065625 0.556250 0.067187 0.556250 0.073438 0.554688 0.075000 0.554688 0.076563 0.553125 0.078125 0.553125 0.081250 0.551562 0.082812 0.551562 0.085938 0.550000 0.087500 0.550000 0.092188 0.548438 0.093750 0.548438 0.100000 0.550000 0.101562 0.554688 0.101562 0.557813 0.098437 0.560937 0.098437 0.564063 0.095312 0.567187 0.095312 0.568750 0.093750 0.570312 0.093750 0.571875 0.092188 0.578125 0.092188 0.579688 0.090625 0.607812 0.090625 0.609375 0.092188 0.610938 0.092188 0.612500 0.093750 0.615625 0.093750 0.617188 0.095312 0.618750 0.095312 0.620313 0.096875 0.623437 0.096875 0.625000 0.098437 0.628125 0.098437 0.629687 0.100000 0.637500 0.100000 0.639062 0.101562 0.654687 0.101562 0.656250 0.103125 0.675000 0.103125 0.676562 0.104688 0.679688 0.104688 0.681250 0.103125 0.682813 0.104688 0.706250 0.104688 0.707812 0.106250 0.729688 0.106250 0.731250 0.104688 0.731250 0.101562 0.732812 0.100000 0.732812 0.084375 0.734375 0.082812 0.734375 0.078125 0.732812 0.076563 0.734375 0.075000 0.734375 0.060937 0.732812 0.059375 0.732812 0.037500 0.731250 0.035937
0 0.531250 0.154688 0.532813 0.156250 0.532813 0.159375 0.539062 0.159375 0.550000 0.148438 0.551562 0.148438 0.556250 0.143750 0.559375 0.143750 0.560937 0.142187 0.562500 0.142187 0.564063 0.140625 0.565625 0.140625 0.567187 0.139063 0.575000 0.139063 0.576562 0.137500 0.578125 0.137500 0.579688 0.135937 0.585938 0.135937 0.587500 0.134375 0.600000 0.134375 0.601562 0.132812 0.620313 0.132812 0.621875 0.131250 0.648438 0.131250 0.650000 0.132812 0.654687 0.132812 0.656250 0.134375 0.660937 0.134375 0.662500 0.135937 0.668750 0.135937 0.670312 0.137500 0.671875 0.137500 0.673438 0.139063 0.678125 0.139063 0.679688 0.140625 0.684375 0.140625 0.685937 0.142187 0.687500 0.142187 0.689063 0.143750 0.692187 0.143750 0.693750 0.145313 0.695312 0.145313 0.696875 0.146875 0.704688 0.146875 0.706250 0.145313 0.709375 0.145313 0.717187 0.137500 0.717187 0.135937 0.718750 0.134375 0.718750 0.132812 0.720313 0.131250 0.720313 0.129688 0.728125 0.121875 0.728125 0.120313 0.729688 0.118750 0.729688 0.117188 0.731250 0.115625 0.731250 0.112500 0.732812 0.110937 0.732812 0.109375 0.731250 0.107813 0.731250 0.104688 0.723437 0.104688 0.721875 0.103125 0.720313 0.103125 0.718750 0.104688 0.676562 0.104688 0.675000 0.103125 0.651563 0.103125 0.650000 0.101562 0.637500 0.101562 0.635938 0.100000 0.628125 0.100000 0.626563 0.098437 0.625000 0.098437 0.623437 0.096875 0.621875 0.096875 0.620313 0.095312 0.617188 0.095312 0.615625 0.093750 0.612500 0.093750 0.610938 0.092188 0.609375 0.092188 0.607812 0.090625 0.579688 0.090625 0.578125 0.092188 0.571875 0.092188 0.570312 0.093750 0.565625 0.093750 0.564063 0.095312 0.562500 0.095312 0.559375 0.098437 0.557813 0.098437 0.556250 0.100000 0.554688 0.100000 0.548438 0.106250 0.548438 0.107813 0.546875 0.109375 0.546875 0.112500 0.545312 0.114062 0.545312 0.117188 0.543750 0.118750 0.543750 0.120313 0.539062 0.125000 0.539062 0.126562 0.537500 0.128125 0.537500 0.131250 0.534375 0.134375 0.534375 0.137500 0.532813 0.139063 0.532813 0.140625 0.531250 0.142187
0 0.000000 0.000000 0.000000 0.028125 0.004687 0.028125 0.006250 0.029687 0.014063 0.029687 0.015625 0.031250 0.023438 0.031250 0.025000 0.032813 0.035937 0.032813 0.037500 0.034375 0.048438 0.034375 0.050000 0.035937 0.053125 0.035937 0.054688 0.037500 0.059375 0.037500 0.060937 0.039062 0.062500 0.039062 0.064062 0.040625 0.065625 0.040625 0.067187 0.042188 0.068750 0.042188 0.076563 0.050000 0.078125 0.050000 0.084375 0.056250 0.095312 0.056250 0.096875 0.054688 0.096875 0.053125 0.098437 0.051562 0.098437 0.039062 0.096875 0.037500 0.096875 0.035937 0.098437 0.034375 0.098437 0.032813 0.096875 0.031250 0.096875 0.015625 0.095312 0.014063 0.095312 0.004687 0.093750 0.003125 0.093750 0.000000
0 0.000000 0.131250 0.000000 0.173437 0.003125 0.173437 0.004687 0.175000 0.007812 0.175000 0.009375 0.173437 0.010937 0.175000 0.018750 0.175000 0.020313 0.176563 0.023438 0.176563 0.025000 0.178125 0.029687 0.178125 0.031250 0.179688 0.035937 0.179688 0.037500 0.181250 0.039062 0.181250 0.040625 0.182812 0.043750 0.182812 0.046875 0.185938 0.050000 0.185938 0.051562 0.187500 0.053125 0.187500 0.057813 0.192188 0.059375 0.192188 0.071875 0.204687 0.071875 0.206250 0.078125 0.212500 0.078125 0.214062 0.079687 0.214062 0.081250 0.215625 0.084375 0.215625 0.085938 0.214062 0.087500 0.214062 0.092188 0.209375 0.092188 0.207813 0.093750 0.206250 0.093750 0.201563 0.095312 0.200000 0.095312 0.196875 0.096875 0.195312 0.096875 0.192188 0.098437 0.190625 0.098437 0.189062 0.100000 0.187500 0.100000 0.185938 0.101562 0.184375 0.101562 0.181250 0.103125 0.179688 0.103125 0.178125 0.104688 0.176563 0.104688 0.173437 0.106250 0.171875 0.106250 0.170313 0.107813 0.168750 0.107813 0.150000 0.106250 0.148438 0.106250 0.145313 0.104688 0.143750 0.104688 0.142187 0.101562 0.139063 0.101562 0.137500 0.100000 0.135937 0.098437 0.135937 0.096875 0.134375 0.095312 0.134375 0.092188 0.131250 0.085938 0.131250 0.084375 0.129688 0.065625 0.129688 0.064062 0.128125 0.021875 0.128125 0.020313 0.129688 0.006250 0.129688 0.004687 0.131250
0 0.114062 0.134375 0.114062 0.125000 0.110937 0.121875 0.110937 0.118750 0.109375 0.117188 0.109375 0.115625 0.107813 0.114062 0.107813 0.110937 0.104688 0.107813 0.104688 0.106250 0.101562 0.103125 0.101562 0.101562 0.096875 0.096875 0.096875 0.095312 0.093750 0.092188 0.093750 0.090625 0.084375 0.081250 0.084375 0.079687 0.082812 0.078125 0.081250 0.078125 0.078125 0.075000 0.073438 0.075000 0.068750 0.079687 0.068750 0.081250 0.065625 0.084375 0.065625 0.085938 0.064062 0.087500 0.064062 0.089063 0.062500 0.090625 0.062500 0.093750 0.060937 0.095312 0.060937 0.096875 0.059375 0.098437 0.057813 0.098437 0.056250 0.100000 0.054688 0.100000 0.053125 0.101562 0.048438 0.101562 0.046875 0.103125 0.007812 0.103125 0.006250 0.104688 0.000000 0.104688 0.000000 0.129688 0.006250 0.129688 0.007812 0.128125 0.023438 0.128125 0.025000 0.126562 0.054688 0.126562 0.056250 0.128125 0.079687 0.128125 0.081250 0.129688 0.090625 0.129688 0.092188 0.131250 0.093750 0.131250 0.095312 0.132812 0.098437 0.132812 0.100000 0.134375 0.101562 0.134375 0.103125 0.135937 0.112500 0.135937
0 0.000000 0.031250 0.000000 0.103125 0.025000 0.103125 0.026562 0.101562 0.050000 0.101562 0.051562 0.100000 0.056250 0.100000 0.060937 0.095312 0.060937 0.092188 0.062500 0.090625 0.062500 0.089063 0.064062 0.087500 0.064062 0.085938 0.068750 0.081250 0.068750 0.078125 0.070312 0.076563 0.070312 0.075000 0.073438 0.071875 0.073438 0.070312 0.075000 0.068750 0.075000 0.067187 0.076563 0.065625 0.076563 0.064062 0.078125 0.062500 0.078125 0.051562 0.071875 0.045312 0.070312 0.045312 0.067187 0.042188 0.065625 0.042188 0.064062 0.040625 0.062500 0.040625 0.060937 0.039062 0.057813 0.039062 0.056250 0.037500 0.050000 0.037500 0.048438 0.035937 0.040625 0.035937 0.039062 0.034375 0.029687 0.034375 0.028125 0.032813 0.020313 0.032813 0.018750 0.031250
0 0.432812 0.998437 0.432812 1.000000 0.645312 1.000000 0.645312 0.993750 0.643750 0.992188 0.643750 0.985938 0.642188 0.984375 0.642188 0.982812 0.640625 0.981250 0.640625 0.960938 0.642188 0.959375 0.642188 0.957812 0.640625 0.956250 0.640625 0.948438 0.639062 0.946875 0.637500 0.946875 0.635938 0.945312 0.629687 0.945312 0.628125 0.943750 0.623437 0.943750 0.621875 0.942187 0.609375 0.942187 0.607812 0.940625 0.592187 0.940625 0.590625 0.939063 0.585938 0.939063 0.584375 0.940625 0.582812 0.940625 0.581250 0.939063 0.565625 0.939063 0.564063 0.937500 0.542188 0.937500 0.540625 0.935937 0.531250 0.935937 0.529687 0.937500 0.490625 0.937500 0.489063 0.939063 0.484375 0.939063 0.482812 0.940625 0.481250 0.940625 0.479687 0.942187 0.476562 0.942187 0.475000 0.943750 0.473438 0.943750 0.471875 0.945312 0.470313 0.945312 0.465625 0.950000 0.462500 0.950000 0.456250 0.956250 0.454688 0.956250 0.454688 0.957812 0.451562 0.960938 0.451562 0.962500 0.445312 0.968750 0.445312 0.971875 0.443750 0.973437 0.443750 0.976562 0.442188 0.978125 0.442188 0.979688 0.439063 0.982812 0.439063 0.984375 0.437500 0.985938 0.437500 0.989062 0.435937 0.990625 0.435937 0.992188 0.434375 0.993750 0.434375 0.996875
0 0.648438 0.879687 0.646875 0.878125 0.646875 0.876563 0.645312 0.876563 0.642188 0.873437 0.640625 0.873437 0.637500 0.870313 0.634375 0.870313 0.632812 0.868750 0.631250 0.868750 0.629687 0.867188 0.625000 0.867188 0.623437 0.865625 0.618750 0.865625 0.617188 0.864062 0.607812 0.864062 0.606250 0.862500 0.601562 0.862500 0.600000 0.860938 0.587500 0.860938 0.585938 0.859375 0.568750 0.859375 0.567187 0.857812 0.545312 0.857812 0.543750 0.859375 0.531250 0.859375 0.529687 0.860938 0.525000 0.860938 0.523438 0.862500 0.520312 0.862500 0.518750 0.864062 0.514062 0.864062 0.512500 0.865625 0.509375 0.865625 0.507812 0.867188 0.504687 0.867188 0.503125 0.868750 0.501563 0.868750 0.496875 0.873437 0.493750 0.873437 0.492188 0.875000 0.490625 0.875000 0.489063 0.876563 0.485938 0.876563 0.482812 0.879687 0.482812 0.881250 0.481250 0.882812 0.478125 0.882812 0.473438 0.887500 0.470313 0.887500 0.467187 0.890625 0.467187 0.892188 0.464062 0.895312 0.464062 0.896875 0.460938 0.900000 0.460938 0.903125 0.456250 0.907813 0.456250 0.910937 0.454688 0.912500 0.454688 0.915625 0.453125 0.917188 0.453125 0.920312 0.451562 0.921875 0.451562 0.923438 0.450000 0.925000 0.450000 0.928125 0.446875 0.931250 0.446875 0.934375 0.445312 0.935937 0.445312 0.937500 0.443750 0.939063 0.443750 0.940625 0.442188 0.942187 0.442188 0.943750 0.440625 0.945312 0.440625 0.950000 0.439063 0.951562 0.439063 0.957812 0.442188 0.960938 0.448437 0.960938 0.450000 0.959375 0.451562 0.959375 0.456250 0.954688 0.457813 0.954688 0.459375 0.953125 0.460938 0.953125 0.465625 0.948438 0.467187 0.948438 0.470313 0.945312 0.471875 0.945312 0.473438 0.943750 0.475000 0.943750 0.476562 0.942187 0.479687 0.942187 0.481250 0.940625 0.482812 0.940625 0.484375 0.939063 0.485938 0.939063 0.487500 0.937500 0.492188 0.937500 0.493750 0.935937 0.506250 0.935937 0.507812 0.934375 0.521875 0.934375 0.523438 0.935937 0.560937 0.935937 0.562500 0.937500 0.573438 0.937500 0.575000 0.939063 0.603125 0.939063 0.604688 0.940625 0.615625 0.940625 0.617188 0.942187 0.625000 0.942187 0.626563 0.943750 0.640625 0.943750 0.645312 0.939063 0.645312 0.926562 0.646875 0.925000 0.646875 0.901563 0.648438 0.900000
0 0.476562 0.826562 0.476562 0.859375 0.475000 0.860938 0.475000 0.867188 0.473438 0.868750 0.473438 0.873437 0.471875 0.875000 0.471875 0.881250 0.473438 0.882812 0.475000 0.882812 0.476562 0.881250 0.479687 0.881250 0.481250 0.879687 0.482812 0.879687 0.485938 0.876563 0.487500 0.876563 0.489063 0.875000 0.490625 0.875000 0.493750 0.871875 0.495312 0.871875 0.496875 0.870313 0.498437 0.870313 0.500000 0.868750 0.501563 0.868750 0.503125 0.867188 0.504687 0.867188 0.506250 0.865625 0.509375 0.865625 0.510938 0.864062 0.514062 0.864062 0.515625 0.862500 0.518750 0.862500 0.520312 0.860938 0.525000 0.860938 0.526563 0.859375 0.532813 0.859375 0.534375 0.857812 0.545312 0.857812 0.546875 0.856250 0.562500 0.856250 0.564063 0.857812 0.585938 0.857812 0.587500 0.859375 0.600000 0.859375 0.601562 0.860938 0.610938 0.860938 0.612500 0.862500 0.620313 0.862500 0.621875 0.864062 0.625000 0.864062 0.626563 0.865625 0.631250 0.865625 0.632812 0.867188 0.635938 0.867188 0.637500 0.868750 0.639062 0.868750 0.640625 0.870313 0.642188 0.870313 0.643750 0.871875 0.645312 0.871875 0.646875 0.873437 0.648438 0.873437 0.650000 0.875000 0.654687 0.875000 0.656250 0.876563 0.679688 0.876563 0.681250 0.878125 0.685937 0.878125 0.687500 0.876563 0.689063 0.876563 0.690625 0.875000 0.692187 0.875000 0.692187 0.871875 0.693750 0.870313 0.693750 0.868750 0.692187 0.867188 0.692187 0.860938 0.690625 0.859375 0.690625 0.856250 0.689063 0.854688 0.689063 0.848437 0.687500 0.846875 0.687500 0.837500 0.685937 0.835938 0.685937 0.823438 0.684375 0.821875 0.684375 0.815625 0.682813 0.814063 0.682813 0.810937 0.681250 0.809375 0.681250 0.807813 0.676562 0.803125 0.671875 0.803125 0.670312 0.801562 0.662500 0.801562 0.660937 0.800000 0.648438 0.800000 0.646875 0.798438 0.632812 0.798438 0.631250 0.796875 0.625000 0.796875 0.623437 0.795312 0.612500 0.795312 0.610938 0.793750 0.595313 0.793750 0.593750 0.792188 0.578125 0.792188 0.576562 0.793750 0.560937 0.793750 0.559375 0.795312 0.553125 0.795312 0.551562 0.796875 0.546875 0.796875 0.545312 0.798438 0.537500 0.798438 0.535937 0.800000 0.532813 0.800000 0.531250 0.801562 0.528125 0.801562 0.526563 0.803125 0.523438 0.803125 0.521875 0.804688 0.517188 0.804688 0.515625 0.806250 0.512500 0.806250 0.510938 0.807813 0.507812 0.807813 0.506250 0.809375 0.503125 0.809375 0.501563 0.810937 0.496875 0.810937 0.495312 0.812500 0.492188 0.812500 0.490625 0.814063 0.489063 0.814063 0.487500 0.815625 0.485938 0.815625 0.482812 0.818750 0.481250 0.818750 0.478125 0.821875 0.478125 0.825000
0 0.678125 0.726562 0.676562 0.725000 0.676562 0.723437 0.671875 0.718750 0.670312 0.718750 0.667188 0.715625 0.665625 0.715625 0.664062 0.714063 0.660937 0.714063 0.659375 0.712500 0.656250 0.712500 0.654687 0.710938 0.650000 0.710938 0.648438 0.709375 0.640625 0.709375 0.639062 0.707812 0.600000 0.707812 0.598437 0.709375 0.585938 0.709375 0.584375 0.710938 0.576562 0.710938 0.575000 0.712500 0.568750 0.712500 0.567187 0.714063 0.560937 0.714063 0.559375 0.715625 0.556250 0.715625 0.554688 0.717187 0.551562 0.717187 0.550000 0.718750 0.546875 0.718750 0.545312 0.720313 0.540625 0.720313 0.539062 0.721875 0.535937 0.721875 0.534375 0.723437 0.532813 0.723437 0.531250 0.725000 0.529687 0.725000 0.528125 0.726562 0.525000 0.726562 0.523438 0.728125 0.521875 0.728125 0.520312 0.729688 0.517188 0.729688 0.515625 0.731250 0.514062 0.731250 0.512500 0.732812 0.510938 0.732812 0.509375 0.734375 0.507812 0.734375 0.506250 0.735938 0.504687 0.735938 0.492188 0.748437 0.492188 0.753125 0.490625 0.754687 0.490625 0.760938 0.489063 0.762500 0.489063 0.765625 0.487500 0.767188 0.487500 0.770312 0.485938 0.771875 0.485938 0.776563 0.484375 0.778125 0.484375 0.779687 0.482812 0.781250 0.482812 0.784375 0.481250 0.785937 0.481250 0.787500 0.479687 0.789062 0.479687 0.790625 0.478125 0.792188 0.478125 0.793750 0.476562 0.795312 0.476562 0.796875 0.475000 0.798438 0.475000 0.801562 0.473438 0.803125 0.473438 0.804688 0.471875 0.806250 0.471875 0.812500 0.470313 0.814063 0.470313 0.815625 0.473438 0.818750 0.482812 0.818750 0.487500 0.814063 0.490625 0.814063 0.492188 0.812500 0.493750 0.812500 0.495312 0.810937 0.498437 0.810937 0.500000 0.809375 0.503125 0.809375 0.504687 0.807813 0.507812 0.807813 0.509375 0.806250 0.514062 0.806250 0.515625 0.804688 0.518750 0.804688 0.520312 0.803125 0.523438 0.803125 0.525000 0.801562 0.529687 0.801562 0.531250 0.800000 0.532813 0.800000 0.534375 0.798438 0.539062 0.798438 0.540625 0.796875 0.548438 0.796875 0.550000 0.795312 0.557813 0.795312 0.559375 0.793750 0.565625 0.793750 0.567187 0.792188 0.606250 0.792188 0.607812 0.793750 0.617188 0.793750 0.618750 0.795312 0.625000 0.795312 0.626563 0.796875 0.639062 0.796875 0.640625 0.798438 0.654687 0.798438 0.656250 0.800000 0.673438 0.800000 0.673438 0.798438 0.675000 0.796875 0.675000 0.789062 0.673438 0.787500 0.673438 0.756250 0.675000 0.754687 0.675000 0.751563 0.676562 0.750000 0.676562 0.743750 0.678125 0.742188
0 0.492188 0.737500 0.493750 0.739062 0.493750 0.740625 0.498437 0.740625 0.501563 0.737500 0.503125 0.737500 0.504687 0.735938 0.506250 0.735938 0.507812 0.734375 0.509375 0.734375 0.510938 0.732812 0.512500 0.732812 0.514062 0.731250 0.515625 0.731250 0.517188 0.729688 0.518750 0.729688 0.520312 0.728125 0.523438 0.728125 0.525000 0.726562 0.526563 0.726562 0.528125 0.725000 0.529687 0.725000 0.531250 0.723437 0.532813 0.723437 0.534375 0.721875 0.539062 0.721875 0.540625 0.720313 0.543750 0.720313 0.545312 0.718750 0.548438 0.718750 0.550000 0.717187 0.553125 0.717187 0.554688 0.715625 0.557813 0.715625 0.559375 0.714063 0.564063 0.714063 0.565625 0.712500 0.570312 0.712500 0.571875 0.710938 0.578125 0.710938 0.579688 0.709375 0.589063 0.709375 0.590625 0.707812 0.603125 0.707812 0.604688 0.706250 0.639062 0.706250 0.640625 0.707812 0.648438 0.707812 0.650000 0.709375 0.654687 0.709375 0.657813 0.712500 0.660937 0.712500 0.662500 0.714063 0.665625 0.714063 0.667188 0.715625 0.668750 0.715625 0.673438 0.720313 0.675000 0.720313 0.676562 0.721875 0.685937 0.721875 0.687500 0.723437 0.703125 0.723437 0.704688 0.721875 0.706250 0.721875 0.706250 0.714063 0.704688 0.712500 0.704688 0.707812 0.703125 0.706250 0.703125 0.689063 0.701562 0.687500 0.701562 0.685937 0.700000 0.684375 0.700000 0.682813 0.698438 0.682813 0.695312 0.679688 0.693750 0.679688 0.692187 0.678125 0.690625 0.678125 0.689063 0.676562 0.687500 0.676562 0.685937 0.675000 0.682813 0.675000 0.681250 0.673438 0.676562 0.673438 0.675000 0.671875 0.671875 0.671875 0.670312 0.670312 0.665625 0.670312 0.664062 0.668750 0.659375 0.668750 0.657813 0.667188 0.656250 0.667188 0.654687 0.665625 0.646875 0.665625 0.645312 0.664062 0.640625 0.664062 0.639062 0.662500 0.634375 0.662500 0.632812 0.660937 0.629687 0.660937 0.628125 0.659375 0.621875 0.659375 0.620313 0.657813 0.615625 0.657813 0.614062 0.656250 0.607812 0.656250 0.606250 0.654687 0.596875 0.654687 0.595313 0.653125 0.551562 0.653125 0.550000 0.654687 0.542188 0.654687 0.540625 0.656250 0.531250 0.656250 0.529687 0.657813 0.517188 0.657813 0.515625 0.659375 0.506250 0.659375 0.503125 0.662500 0.503125 0.667188 0.501563 0.668750 0.501563 0.682813 0.500000 0.684375 0.500000 0.701562 0.498437 0.703125 0.498437 0.715625 0.493750 0.720313 0.493750 0.725000 0.492188 0.726562
0 0.703125 0.609375 0.701562 0.607812 0.701562 0.603125 0.700000 0.601562 0.700000 0.600000 0.695312 0.595313 0.693750 0.595313 0.692187 0.593750 0.690625 0.593750 0.687500 0.590625 0.684375 0.590625 0.682813 0.589063 0.679688 0.589063 0.678125 0.587500 0.671875 0.587500 0.670312 0.585938 0.640625 0.585938 0.639062 0.584375 0.634375 0.584375 0.632812 0.585938 0.621875 0.585938 0.620313 0.587500 0.609375 0.587500 0.607812 0.589063 0.600000 0.589063 0.598437 0.590625 0.592187 0.590625 0.590625 0.592187 0.584375 0.592187 0.582812 0.593750 0.576562 0.593750 0.575000 0.595313 0.568750 0.595313 0.567187 0.596875 0.562500 0.596875 0.560937 0.598437 0.557813 0.598437 0.556250 0.600000 0.551562 0.600000 0.550000 0.601562 0.545312 0.601562 0.543750 0.603125 0.539062 0.603125 0.537500 0.604688 0.532813 0.604688 0.531250 0.606250 0.529687 0.606250 0.528125 0.607812 0.526563 0.607812 0.525000 0.609375 0.523438 0.609375 0.521875 0.610938 0.520312 0.610938 0.518750 0.612500 0.517188 0.612500 0.514062 0.615625 0.512500 0.615625 0.510938 0.617188 0.509375 0.617188 0.507812 0.618750 0.506250 0.618750 0.503125 0.621875 0.495312 0.621875 0.493750 0.623437 0.492188 0.623437 0.489063 0.626563 0.489063 0.634375 0.490625 0.635938 0.490625 0.639062 0.492188 0.640625 0.492188 0.642188 0.493750 0.643750 0.493750 0.645312 0.495312 0.646875 0.495312 0.648438 0.503125 0.656250 0.507812 0.656250 0.509375 0.657813 0.529687 0.657813 0.531250 0.656250 0.539062 0.656250 0.540625 0.654687 0.548438 0.654687 0.550000 0.653125 0.560937 0.653125 0.562500 0.651563 0.579688 0.651563 0.581250 0.653125 0.598437 0.653125 0.600000 0.654687 0.607812 0.654687 0.609375 0.656250 0.615625 0.656250 0.617188 0.657813 0.620313 0.657813 0.621875 0.659375 0.629687 0.659375 0.631250 0.660937 0.634375 0.660937 0.635938 0.662500 0.642188 0.662500 0.643750 0.664062 0.650000 0.664062 0.651563 0.665625 0.654687 0.665625 0.656250 0.667188 0.660937 0.667188 0.662500 0.668750 0.665625 0.668750 0.667188 0.670312 0.671875 0.670312 0.673438 0.671875 0.678125 0.671875 0.679688 0.673438 0.682813 0.673438 0.684375 0.675000 0.687500 0.675000 0.689063 0.676562 0.698438 0.676562 0.700000 0.675000 0.700000 0.643750 0.701562 0.642188 0.701562 0.620313 0.703125 0.618750
0 0.701562 0.584375 0.700000 0.582812 0.700000 0.579688 0.696875 0.576562 0.696875 0.575000 0.695312 0.573438 0.695312 0.570312 0.692187 0.567187 0.692187 0.565625 0.689063 0.562500 0.689063 0.560937 0.687500 0.559375 0.687500 0.557813 0.685937 0.556250 0.685937 0.554688 0.684375 0.553125 0.684375 0.551562 0.678125 0.545312 0.676562 0.545312 0.671875 0.540625 0.670312 0.540625 0.668750 0.539062 0.667188 0.539062 0.665625 0.537500 0.664062 0.537500 0.662500 0.535937 0.659375 0.535937 0.657813 0.534375 0.654687 0.534375 0.653125 0.532813 0.648438 0.532813 0.646875 0.531250 0.642188 0.531250 0.640625 0.529687 0.632812 0.529687 0.631250 0.528125 0.589063 0.528125 0.587500 0.529687 0.578125 0.529687 0.576562 0.531250 0.571875 0.531250 0.570312 0.532813 0.564063 0.532813 0.562500 0.534375 0.560937 0.534375 0.559375 0.535937 0.553125 0.535937 0.551562 0.537500 0.546875 0.537500 0.545312 0.539062 0.540625 0.539062 0.539062 0.540625 0.535937 0.540625 0.534375 0.542188 0.531250 0.542188 0.528125 0.545312 0.526563 0.545312 0.521875 0.550000 0.521875 0.551562 0.517188 0.556250 0.517188 0.557813 0.515625 0.559375 0.515625 0.560937 0.514062 0.562500 0.514062 0.564063 0.509375 0.568750 0.509375 0.570312 0.507812 0.571875 0.507812 0.575000 0.506250 0.576562 0.506250 0.578125 0.504687 0.579688 0.504687 0.581250 0.501563 0.584375 0.501563 0.587500 0.500000 0.589063 0.500000 0.592187 0.492188 0.600000 0.492188 0.601562 0.490625 0.603125 0.490625 0.604688 0.489063 0.606250 0.489063 0.614062 0.490625 0.615625 0.495312 0.615625 0.496875 0.617188 0.506250 0.617188 0.507812 0.615625 0.510938 0.615625 0.512500 0.614062 0.514062 0.614062 0.515625 0.612500 0.517188 0.612500 0.518750 0.610938 0.520312 0.610938 0.521875 0.609375 0.523438 0.609375 0.525000 0.607812 0.526563 0.607812 0.528125 0.606250 0.529687 0.606250 0.531250 0.604688 0.535937 0.604688 0.537500 0.603125 0.540625 0.603125 0.542188 0.601562 0.546875 0.601562 0.548438 0.600000 0.553125 0.600000 0.554688 0.598437 0.559375 0.598437 0.560937 0.596875 0.564063 0.596875 0.565625 0.595313 0.571875 0.595313 0.573438 0.593750 0.581250 0.593750 0.582812 0.592187 0.587500 0.592187 0.589063 0.590625 0.595313 0.590625 0.596875 0.589063 0.606250 0.589063 0.607812 0.587500 0.617188 0.587500 0.618750 0.585938 0.626563 0.585938 0.628125 0.584375 0.667188 0.584375 0.668750 0.585938 0.676562 0.585938 0.678125 0.587500 0.681250 0.587500 0.682813 0.589063 0.685937 0.589063 0.687500 0.590625 0.693750 0.590625 0.696875 0.593750 0.698438 0.593750 0.698438 0.592187 0.700000 0.590625 0.701562 0.590625
0 0.718750 0.462500 0.717187 0.460938 0.717187 0.459375 0.715625 0.457813 0.715625 0.456250 0.710938 0.451562 0.709375 0.451562 0.707812 0.450000 0.704688 0.450000 0.703125 0.448437 0.700000 0.448437 0.698438 0.446875 0.690625 0.446875 0.689063 0.445312 0.682813 0.445312 0.681250 0.443750 0.671875 0.443750 0.670312 0.442188 0.645312 0.442188 0.643750 0.440625 0.642188 0.440625 0.640625 0.442188 0.601562 0.442188 0.600000 0.443750 0.592187 0.443750 0.590625 0.445312 0.584375 0.445312 0.582812 0.446875 0.578125 0.446875 0.576562 0.448437 0.571875 0.448437 0.570312 0.450000 0.567187 0.450000 0.565625 0.451562 0.562500 0.451562 0.560937 0.453125 0.557813 0.453125 0.556250 0.454688 0.554688 0.454688 0.553125 0.456250 0.551562 0.456250 0.550000 0.457813 0.548438 0.457813 0.548438 0.459375 0.546875 0.460938 0.546875 0.462500 0.545312 0.464062 0.545312 0.471875 0.543750 0.473438 0.543750 0.476562 0.542188 0.478125 0.542188 0.479687 0.540625 0.481250 0.540625 0.489063 0.539062 0.490625 0.539062 0.496875 0.535937 0.500000 0.535937 0.503125 0.534375 0.504687 0.534375 0.506250 0.532813 0.507812 0.532813 0.512500 0.531250 0.514062 0.531250 0.515625 0.529687 0.517188 0.529687 0.521875 0.528125 0.523438 0.528125 0.528125 0.523438 0.532813 0.523438 0.535937 0.525000 0.537500 0.525000 0.539062 0.526563 0.539062 0.528125 0.540625 0.531250 0.540625 0.532813 0.539062 0.537500 0.539062 0.539062 0.537500 0.543750 0.537500 0.545312 0.535937 0.548438 0.535937 0.550000 0.534375 0.556250 0.534375 0.557813 0.532813 0.562500 0.532813 0.564063 0.531250 0.570312 0.531250 0.571875 0.529687 0.578125 0.529687 0.579688 0.528125 0.587500 0.528125 0.589063 0.526563 0.631250 0.526563 0.632812 0.528125 0.642188 0.528125 0.643750 0.529687 0.648438 0.529687 0.650000 0.531250 0.654687 0.531250 0.656250 0.532813 0.660937 0.532813 0.662500 0.534375 0.664062 0.534375 0.665625 0.535937 0.670312 0.535937 0.673438 0.539062 0.676562 0.539062 0.678125 0.540625 0.679688 0.540625 0.681250 0.542188 0.684375 0.542188 0.685937 0.543750 0.687500 0.543750 0.689063 0.545312 0.712500 0.545312 0.714063 0.543750 0.714063 0.531250 0.715625 0.529687 0.715625 0.525000 0.714063 0.523438 0.714063 0.518750 0.715625 0.517188 0.715625 0.507812 0.717187 0.506250 0.717187 0.501563 0.718750 0.500000 0.718750 0.492188 0.720313 0.490625 0.720313 0.468750 0.718750 0.467187
0 0.539062 0.395313 0.539062 0.412500 0.540625 0.414062 0.540625 0.432812 0.542188 0.434375 0.542188 0.445312 0.543750 0.446875 0.543750 0.450000 0.546875 0.453125 0.548438 0.453125 0.550000 0.454688 0.553125 0.454688 0.554688 0.453125 0.556250 0.453125 0.557813 0.451562 0.562500 0.451562 0.564063 0.450000 0.568750 0.450000 0.570312 0.448437 0.575000 0.448437 0.576562 0.446875 0.579688 0.446875 0.581250 0.445312 0.585938 0.445312 0.587500 0.443750 0.595313 0.443750 0.596875 0.442188 0.610938 0.442188 0.612500 0.440625 0.660937 0.440625 0.662500 0.442188 0.676562 0.442188 0.678125 0.443750 0.684375 0.443750 0.685937 0.445312 0.692187 0.445312 0.693750 0.446875 0.700000 0.446875 0.701562 0.448437 0.714063 0.448437 0.715625 0.446875 0.715625 0.445312 0.717187 0.443750 0.717187 0.432812 0.715625 0.431250 0.715625 0.429688 0.714063 0.428125 0.714063 0.426563 0.712500 0.425000 0.712500 0.423438 0.710938 0.421875 0.710938 0.420312 0.709375 0.418750 0.709375 0.415625 0.706250 0.412500 0.706250 0.410938 0.704688 0.409375 0.704688 0.407813 0.703125 0.406250 0.703125 0.404687 0.700000 0.401562 0.696875 0.401562 0.695312 0.400000 0.690625 0.400000 0.689063 0.398438 0.687500 0.398438 0.685937 0.396875 0.684375 0.396875 0.682813 0.395313 0.681250 0.395313 0.679688 0.393750 0.678125 0.393750 0.676562 0.392188 0.675000 0.392188 0.673438 0.390625 0.671875 0.390625 0.670312 0.389062 0.667188 0.389062 0.665625 0.387500 0.660937 0.387500 0.659375 0.385937 0.656250 0.385937 0.654687 0.384375 0.645312 0.384375 0.643750 0.382812 0.634375 0.382812 0.632812 0.381250 0.617188 0.381250 0.615625 0.379688 0.600000 0.379688 0.598437 0.381250 0.556250 0.381250 0.554688 0.382812 0.548438 0.382812 0.545312 0.385937 0.545312 0.387500 0.542188 0.390625 0.540625 0.390625 0.540625 0.393750
0 0.051562 0.242188 0.043750 0.242188 0.042188 0.240625 0.000000 0.240625 0.000000 0.323437 0.014063 0.323437 0.015625 0.321875 0.017188 0.321875 0.023438 0.315625 0.023438 0.312500 0.025000 0.310937 0.025000 0.309375 0.042188 0.292187 0.043750 0.292187 0.054688 0.281250 0.054688 0.279687 0.056250 0.278125 0.056250 0.275000 0.057813 0.273438 0.057813 0.267188 0.059375 0.265625 0.059375 0.251563 0.057813 0.250000 0.057813 0.246875 0.054688 0.243750 0.053125 0.243750
